1  8  -50.0
1  2  -50.0
1  19 -50.0
1  10 -50.0

2  17 -50.0
2  1  -50.0
2  3  -50.0

3  2  -50.0
3  7  -50.0
3  19 -50.0

4  16 -50.0
4  15 -50.0

5  10 -50.0
5  20 -50.0
5  16 -50.0
5  18 -50.0

6  12 -50.0
6  15 -50.0
6  19 -50.0

7  3  -50.0
7  19 -50.0
7  12 -50.0

8  1  -50.0
8  20 -50.0
8  10 -50.0

9  15 -50.0
9  13 -50.0
9  14 -50.0

10 1  -50.0
10 8  -50.0
10 5  -50.0
10 16 -50.0

11 16 -50.0
11 14 -50.0

12 6  -50.0
12 7  -50.0
12 16 -50.0

13 9  -50.0
13 16 -50.0

14 11 -50.0
14 9  -50.0
14 16 -50.0

15 6  -50.0
15 4  -50.0
15 9  -50.0

16 12 -50.0
16 19 -50.0
16 10 -50.0
16 5  -50.0
16 11 -50.0
16 14 -50.0
16 13 -50.0
16 4  -50.0

17 2  -50.0
17 20 -50.0

18 20 -50.0
18 5  -50.0

19 7  -50.0
19 3  -50.0
19 1  -50.0
19 16 -50.0
19 6  -50.0

20 17 -50.0
20 8  -50.0
20 5  -50.0
20 18 -50.0